image_width: 640
image_height: 480
camera_name: head_camera
camera_matrix:
  rows: 3
  cols: 3
  data: [925.431522, 0.000000, 313.340645, 0.000000, 928.468708, 217.259916, 0.000000, 0.000000, 1.000000]
distortion_model: plumb_bob
distortion_coefficients:
  rows: 1
  cols: 5
  data: [0.006715, 0.780660, -0.001098, 0.003146, 0.000000]
rectification_matrix:
  rows: 3
  cols: 3
  data: [1.000000, 0.000000, 0.000000, 0.000000, 1.000000, 0.000000, 0.000000, 0.000000, 1.000000]
projection_matrix:
  rows: 3
  cols: 4
  data: [951.922058, 0.000000, 314.847728, 0.000000, 0.000000, 955.551086, 217.689912, 0.000000, 0.000000, 0.000000, 1.000000, 0.000000]
